Buoc 1: 59 83 73 71 41 51 37 3 17 35 9 71 47 35 83 81 33 3 73 33 
Buoc 2: 59 73 83 71 41 51 37 3 17 35 9 71 47 35 83 81 33 3 73 33 
Buoc 3: 59 71 73 83 41 51 37 3 17 35 9 71 47 35 83 81 33 3 73 33 
Buoc 4: 41 59 71 73 83 51 37 3 17 35 9 71 47 35 83 81 33 3 73 33 
Buoc 5: 41 51 59 71 73 83 37 3 17 35 9 71 47 35 83 81 33 3 73 33 
Buoc 6: 37 41 51 59 71 73 83 3 17 35 9 71 47 35 83 81 33 3 73 33 
Buoc 7: 3 37 41 51 59 71 73 83 17 35 9 71 47 35 83 81 33 3 73 33 
Buoc 8: 3 17 37 41 51 59 71 73 83 35 9 71 47 35 83 81 33 3 73 33 
Buoc 9: 3 17 35 37 41 51 59 71 73 83 9 71 47 35 83 81 33 3 73 33 
Buoc 10: 3 9 17 35 37 41 51 59 71 73 83 71 47 35 83 81 33 3 73 33 
Buoc 11: 3 9 17 35 37 41 51 59 71 71 73 83 47 35 83 81 33 3 73 33 
Buoc 12: 3 9 17 35 37 41 47 51 59 71 71 73 83 35 83 81 33 3 73 33 
Buoc 13: 3 9 17 35 35 37 41 47 51 59 71 71 73 83 83 81 33 3 73 33 
Buoc 14: 3 9 17 35 35 37 41 47 51 59 71 71 73 83 83 81 33 3 73 33 
Buoc 15: 3 9 17 35 35 37 41 47 51 59 71 71 73 81 83 83 33 3 73 33 
Buoc 16: 3 9 17 33 35 35 37 41 47 51 59 71 71 73 81 83 83 3 73 33 
Buoc 17: 3 3 9 17 33 35 35 37 41 47 51 59 71 71 73 81 83 83 73 33 
Buoc 18: 3 3 9 17 33 35 35 37 41 47 51 59 71 71 73 73 81 83 83 33 
Buoc 19: 3 3 9 17 33 33 35 35 37 41 47 51 59 71 71 73 73 81 83 83 
